16.6 14.2 0.0
11.5 17.0 0.586414707240429
11.5 5.0 0.5269544880177981
14.2 14.8 0.0
16.2 8.0 0.0
16.9 8.3 0.0
17.5 10.4 0.3945619556425058
14.5 6.8 0.0
15.9 7.6 0.0
14.2 5.4 0.0
16.0 11.4 0.6357427218520355
11.0 16.5 0.5702738128370824
14.2 15.5 0.0
16.3 12.4 0.5457720558487851
16.3 7.3 0.0
13.1 6.5 0.592639773146607
15.3 9.8 0.0
14.5 9.0 0.0
12.9 5.8 0.5946375530631073
11.4 15.5 0.5143246300439992
14.7 8.4 0.0
15.6 14.9 0.0
15.0 11.3 0.6610048757133811
15.2 14.5 0.0
15.7 9.3 0.0
13.3 6.0 0.56760458232344
17.5 11.6 0.6906655008522006
11.7 14.9 0.44681604277525966
11.5 5.5 0.5212856019837631
14.2 7.8 0.0
17.3 9.3 0.0
14.0 5.8 0.6201600356287029
14.8 12.4 0.0
14.2 16.6 0.21624619233578557
14.7 13.6 0.0
16.3 9.6 0.559469459779104
16.2 9.1 0.5158182425842349
15.2 6.8 0.0
14.2 6.5 0.5526219765832986
11.0 15.0 0.4142875463794092
15.9 11.9 0.6224619875792136
16.9 12.0 0.6014172223896472
15.3 12.2 0.0
14.4 6.1 0.0
12.1 4.6 0.5126250330458684
13.1 15.5 0.5084376329051628
12.9 16.2 0.5172789361583028
13.9 7.6 0.0
11.0 5.0 0.5132269767723846
13.5 6.7 0.5453685669029907
16.0 13.3 0.34279748630879564
15.8 12.3 0.594062990292735
13.6 14.7 0.0
14.9 14.9 0.310990500673276
14.5 14.5 0.0
13.0 14.5 0.0
11.6 4.5 0.45356011336536056
14.1 13.6 0.0
17.4 12.1 0.6896609066742141
14.6 9.3 0.0
17.5 11.0 0.5572781609046942
13.8 15.8 0.0
14.9 15.6 0.0
16.5 11.5 0.6478478969385586
14.8 9.6 0.0
14.3 13.3 0.0
15.6 6.4 0.0
11.6 17.5 0.4193504779929436
17.3 12.7 0.6389087982085097
16.6 7.8 0.0
13.5 15.3 0.29265170139987573
14.5 13.0 0.0
14.2 14.2 0.0
11.0 5.5 0.5556848455073842
11.5 16.5 0.5438338618685209
15.2 7.5 0.0
13.5 16.4 0.0
14.7 5.7 0.0
12.5 6.8 0.5093621043956277
13.1 16.6 0.5062056547777183
15.4 11.8 0.6338172844964323
15.8 8.3 0.0
15.8 9.7 0.296629543989262
13.2 14.9 0.2685507339706925
14.9 7.1 0.0
16.5 11.0 0.6721005752317947
14.0 16.2 0.0
16.0 15.2 0.0
16.2 12.9 0.4390409199266599
15.5 10.6 0.6488620872729662
16.3 14.7 0.0
14.5 7.5 0.0
11.0 4.5 0.5445436479551726
17.0 11.0 0.6140899212106153
13.9 15.1 0.0
11.0 17.5 0.5511715583966332
11.7 7.1 0.40601984207217323
12.0 16.9 0.5877270579678476
12.0 7.1 0.5587697331112906
16.0 8.7 0.0
17.0 11.5 0.5996551769857844
14.9 13.2 0.0
12.6 16.8 0.5510725882101395
15.0 11.0 0.6890010426825405
13.3 16.0 0.4602937855239488
15.0 10.7 0.6134702728942556
13.6 14.1 0.0
14.4 8.1 0.0
12.6 5.2 0.5381425012483073
14.9 6.4 0.0
15.5 7.8 0.0
13.0 7.5 0.0
14.5 15.2 0.29281596418895756
12.3 15.8 0.6110170847582671
16.4 8.5 0.0
12.5 15.2 0.5383129773096749
12.0 5.1 0.5050576088957417
11.0 6.5 0.5584118065887218
13.3 14.3 0.0
12.2 15.3 0.6114965607662043
15.3 13.5 0.0
15.2 15.2 0.3950839750016648
16.9 13.7 0.0
12.0 5.6 0.5047427106956698
16.0 6.8 0.0
14.9 10.0 0.6113616806190519
17.4 9.9 0.0
15.5 13.1 0.3413754436585979
11.4 16.0 0.6258032764633178
13.3 7.7 0.0
15.3 8.5 0.0
13.9 6.9 0.0
13.7 16.9 0.5242982775247159
12.0 14.9 0.0
14.7 16.3 0.2467051804238208
12.7 15.7 0.5218213351796928
17.1 8.8 0.0
14.3 8.7 0.0
14.9 8.8 0.0
12.1 17.4 0.0
15.2 9.5 0.0
12.7 6.3 0.5885908670934119
11.4 6.5 0.5139150992584468
12.0 16.4 0.5083759465825258
15.5 8.9 0.0
15.1 13.9 0.0
13.8 8.2 0.0
16.6 8.9 0.0
14.4 13.9 0.0
13.5 5.6 0.5295865607088155
16.5 10.5 0.5899286042078778
15.1 12.9 0.0
14.6 12.7 0.0
16.4 10.0 0.5264411576749484
14.9 10.3 0.5435315896483068
13.8 13.8 0.0
13.6 7.3 0.0
13.9 14.4 0.0
15.5 11.4 0.6631020275165551
12.4 16.3 0.5555863545568139
12.2 6.7 0.5796244122372404
16.6 13.1 0.3244706896571668
15.4 10.2 0.5953944237183078
13.2 7.1 0.0
15.1 9.1 0.0
11.0 7.0 0.5131427550204519
16.0 11.0 0.6769700993980452
11.0 17.0 0.6044482763584617
16.8 12.6 0.5224521148798457
12.9 15.1 0.4938249743954632
11.0 16.0 0.5810946565680227
17.0 10.5 0.4417560000273303
13.2 4.9 0.49790661614076814
15.5 14.2 0.0
15.6 7.1 0.0
16.0 10.6 0.6785603320795343
14.1 8.4 0.0
11.9 15.9 0.6616896320315768
13.8 6.2 0.573608967117344
12.9 6.9 0.7004285486234574
11.9 6.1 0.5902150883814244
13.1 5.4 0.5078781819933026
14.9 12.0 0.0
12.7 14.6 0.0
15.2 12.5 0.4824448577895575
12.7 4.7 0.569986028142384
15.5 11.0 0.6445248713783828
11.0 6.0 0.604170380519285
16.4 13.5 0.36734657828175943
14.4 15.9 0.0
15.6 15.6 0.0
12.4 14.8 0.0
16.2 14.0 0.31347699518942984
11.0 15.5 0.4425437551419492
15.9 14.4 0.0
13.2 17.1 0.5291999505821191
12.7 7.4 0.6645943800557975
11.8 6.6 0.42465307116897105
15.2 16.0 0.0
15.1 8.1 0.0
15.9 10.1 0.5222291164653143
15.2 6.0 0.0
12.4 5.7 0.5160269990921076
12.4 7.2 0.5759082298478369
14.8 7.8 0.45385631458714537
12.3 6.2 0.6110245822035049
13.7 5.1 0.6150929918449681
13.6 7.9 0.0
12.7 17.3 0.5000868305419016
11.8 15.4 0.48272691952916347
15.8 13.8 0.0
16.9 10.0 0.5695936831712667
11.3 7.0 0.5645656162783387
14.9 11.7 0.0
15.7 12.7 0.0
14.2 7.2 0.0
14.8 14.2 0.0
17.1 13.2 0.577632165798918
16.4 12.0 0.5792073961018758
16.8 9.4 0.5070009472575762
11.4 6.0 0.6157006377708689
11.3 15.0 0.4207318758080249
