point_1 4.0 0.0 0.0 1.445 1.879 4.963 6.283185307179586
point_2 4.000253241983562 0.0 0.0 1.445 1.879 4.963 6.370540842836311
point_3 3.999843246928559 0.0 0.0 1.445 1.879 4.963 6.457828540830402
point_4 4.000215119215467 0.0 0.0 1.445 1.879 4.963 6.544898809580792
point_5 4.000188120576332 0.0 0.0 1.445 1.879 4.963 6.632212606010012
point_6 3.999590604049369 0.0 0.0 1.445 1.879 4.963 6.719434852027313
point_7 3.999911999031979 0.0 0.0 1.445 1.879 4.963 6.806796784949555
point_8 4.000145622349266 0.0 0.0 1.445 1.879 4.963 6.893931751621221
point_9 3.9997671182207597 0.0 0.0 1.445 1.879 4.963 6.981316764757992
point_10 3.9993959543911117 0.0 0.0 1.445 1.879 4.963 7.0685834705770345
point_11 3.9997671182207597 0.0 0.0 1.445 1.879 4.963 7.155850176396077
point_12 4.000145622349266 0.0 0.0 1.445 1.879 4.963 7.243235189532848
point_13 3.999911999031979 0.0 0.0 1.445 1.879 4.963 7.330370156204514
point_14 3.999590604049369 0.0 0.0 1.445 1.879 4.963 7.417732089126756
point_15 4.000188120576332 0.0 0.0 1.445 1.879 4.963 7.504954335144057
point_16 4.000215119215467 0.0 0.0 1.445 1.879 4.963 7.592268131573277
point_17 3.999843246928559 0.0 0.0 1.445 1.879 4.963 7.679338400323667
point_18 4.000253241983562 0.0 0.0 1.445 1.879 4.963 7.766626098317758
point_19 4.0 0.0 0.0 1.445 1.879 4.963 1.5707963267948966
point_20 4.000253241983562 0.0 0.0 1.445 1.879 4.963 1.6581518624516218
point_21 3.999843246928559 0.0 0.0 1.445 1.879 4.963 1.7454395604457118
point_22 4.000215119215467 0.0 0.0 1.445 1.879 4.963 1.8325098291961015
point_23 4.000188120576332 0.0 0.0 1.445 1.879 4.963 1.9198236256253223
point_24 3.999590604049369 0.0 0.0 1.445 1.879 4.963 2.0070458716426236
point_25 3.999911999031979 0.0 0.0 1.445 1.879 4.963 2.0944078045648657
point_26 4.000145622349266 0.0 0.0 1.445 1.879 4.963 2.1815427712365314
point_27 3.9997671182207597 0.0 0.0 1.445 1.879 4.963 2.268927784373302
point_28 3.9993959543911117 0.0 0.0 1.445 1.879 4.963 2.356194490192345
point_29 3.9997671182207597 0.0 0.0 1.445 1.879 4.963 2.4434611960113877
point_30 4.000145622349267 0.0 0.0 1.445 1.879 4.963 2.5308462091481583
point_31 3.999911999031979 0.0 0.0 1.445 1.879 4.963 2.617981175819824
point_32 3.999590604049369 0.0 0.0 1.445 1.879 4.963 2.705343108742066
point_33 4.000188120576332 0.0 0.0 1.445 1.879 4.963 2.7925653547593674
point_34 4.000215119215466 0.0 0.0 1.445 1.879 4.963 2.8798791511885877
point_35 3.999843246928559 0.0 0.0 1.445 1.879 4.963 2.9669494199389774
point_36 4.000253241983563 0.0 0.0 1.445 1.879 4.963 3.054237117933068
point_37 4.0 0.0 0.0 1.445 1.879 4.963 3.141592653589793
point_38 4.5 0.0 0.0 1.445 1.879 4.963 6.283185307179586
point_39 4.50010588764309 0.0 0.0 1.445 1.879 4.963 6.370404910196188
point_40 4.500287213056518 0.0 0.0 1.445 1.879 4.963 6.45761293502893
point_41 4.500403759664236 0.0 0.0 1.445 1.879 4.963 6.545032956996499
point_42 4.500329099077088 0.0 0.0 1.445 1.879 4.963 6.632203107151458
point_43 4.4997431037782585 0.0 0.0 1.445 1.879 4.963 6.719597655761804
point_44 4.499900998910976 0.0 0.0 1.445 1.879 4.963 6.806796784949556
point_45 4.499795217562683 0.0 0.0 1.445 1.879 4.963 6.894056919427651
point_46 4.500139775606976 0.0 0.0 1.445 1.879 4.963 6.98142315653679
point_47 4.500027555471189 0.0 0.0 1.445 1.879 4.963 7.0685834705770345
point_48 4.500139775606976 0.0 0.0 1.445 1.879 4.963 7.15574378461728
point_49 4.499795217562683 0.0 0.0 1.445 1.879 4.963 7.243110021726418
point_50 4.499900998910976 0.0 0.0 1.445 1.879 4.963 7.330370156204514
point_51 4.4997431037782585 0.0 0.0 1.445 1.879 4.963 7.417569285392265
point_52 4.500329099077088 0.0 0.0 1.445 1.879 4.963 7.504963834002611
point_53 4.500403759664236 0.0 0.0 1.445 1.879 4.963 7.59213398415757
point_54 4.500287213056518 0.0 0.0 1.445 1.879 4.963 7.679554006125139
point_55 4.50010588764309 0.0 0.0 1.445 1.879 4.963 7.766762030957881
point_56 4.5 0.0 0.0 1.445 1.879 4.963 1.5707963267948966
point_57 4.50010588764309 0.0 0.0 1.445 1.879 4.963 1.6580159298114987
point_58 4.500287213056518 0.0 0.0 1.445 1.879 4.963 1.7452239546442398
point_59 4.500403759664236 0.0 0.0 1.445 1.879 4.963 1.8326439766118092
point_60 4.500329099077088 0.0 0.0 1.445 1.879 4.963 1.9198141267667688
point_61 4.4997431037782585 0.0 0.0 1.445 1.879 4.963 2.007208675377114
point_62 4.499900998910976 0.0 0.0 1.445 1.879 4.963 2.0944078045648657
point_63 4.499795217562683 0.0 0.0 1.445 1.879 4.963 2.1816679390429616
point_64 4.500139775606976 0.0 0.0 1.445 1.879 4.963 2.2690341761520996
point_65 4.500027555471189 0.0 0.0 1.445 1.879 4.963 2.356194490192345
point_66 4.500139775606976 0.0 0.0 1.445 1.879 4.963 2.44335480423259
point_67 4.499795217562683 0.0 0.0 1.445 1.879 4.963 2.5307210413417276
point_68 4.499900998910976 0.0 0.0 1.445 1.879 4.963 2.6179811758198235
point_69 4.499743103778259 0.0 0.0 1.445 1.879 4.963 2.7051803050075756
point_70 4.500329099077089 0.0 0.0 1.445 1.879 4.963 2.792574853617921
point_71 4.500403759664237 0.0 0.0 1.445 1.879 4.963 2.8797450037728805
point_72 4.500287213056518 0.0 0.0 1.445 1.879 4.963 2.9671650257404494
point_73 4.500105887643089 0.0 0.0 1.445 1.879 4.963 3.054373050573191
point_74 4.5 0.0 0.0 1.445 1.879 4.963 3.141592653589793
point_75 5.0 0.0 0.0 1.445 1.879 4.963 6.283185307179586
point_76 5.000045699791153 0.0 0.0 1.445 1.879 4.963 6.370495396128957
point_77 4.99991999935999 0.0 0.0 1.445 1.879 4.963 6.457672132197921
point_78 5.000333588871847 0.0 0.0 1.445 1.879 4.963 6.544947103761305
point_79 4.999530377945513 0.0 0.0 1.445 1.879 4.963 6.63226390841605
point_80 5.000379285614242 0.0 0.0 1.445 1.879 4.963 6.719462102749451
point_81 4.999889998789973 0.0 0.0 1.445 1.879 4.963 6.806796784949556
point_82 5.000263993030768 0.0 0.0 1.445 1.879 4.963 6.89404234175613
point_83 4.99986959829954 0.0 0.0 1.445 1.879 4.963 6.981355067986936
point_84 5.000659156551263 0.0 0.0 1.445 1.879 4.963 7.0685834705770345
point_85 4.99986959829954 0.0 0.0 1.445 1.879 4.963 7.155811873167134
point_86 5.000263993030768 0.0 0.0 1.445 1.879 4.963 7.243124599397939
point_87 4.999889998789973 0.0 0.0 1.445 1.879 4.963 7.330370156204514
point_88 5.000379285614242 0.0 0.0 1.445 1.879 4.963 7.417704838404618
point_89 4.999530377945513 0.0 0.0 1.445 1.879 4.963 7.504903032738019
point_90 5.000333588871847 0.0 0.0 1.445 1.879 4.963 7.592219837392764
point_91 4.99991999935999 0.0 0.0 1.445 1.879 4.963 7.679494808956148
point_92 5.000045699791153 0.0 0.0 1.445 1.879 4.963 7.766671545025113
point_93 5.0 0.0 0.0 1.445 1.879 4.963 1.5707963267948966
point_94 5.000045699791153 0.0 0.0 1.445 1.879 4.963 1.6581064157442666
point_95 4.99991999935999 0.0 0.0 1.445 1.879 4.963 1.7452831518132306
point_96 5.000333588871847 0.0 0.0 1.445 1.879 4.963 1.8325581233766153
point_97 4.999530377945513 0.0 0.0 1.445 1.879 4.963 1.9198749280313603
point_98 5.000379285614242 0.0 0.0 1.445 1.879 4.963 2.007073122364761
point_99 4.999889998789973 0.0 0.0 1.445 1.879 4.963 2.0944078045648657
point_100 5.000263993030768 0.0 0.0 1.445 1.879 4.963 2.18165336137144
point_101 4.99986959829954 0.0 0.0 1.445 1.879 4.963 2.2689660876022453
point_102 5.000659156551263 0.0 0.0 1.445 1.879 4.963 2.356194490192345
point_103 4.99986959829954 0.0 0.0 1.445 1.879 4.963 2.443422892782444
point_104 5.000263993030768 0.0 0.0 1.445 1.879 4.963 2.530735619013249
point_105 4.999889998789973 0.0 0.0 1.445 1.879 4.963 2.6179811758198235
point_106 5.000379285614242 0.0 0.0 1.445 1.879 4.963 2.7053158580199286
point_107 4.999530377945513 0.0 0.0 1.445 1.879 4.963 2.7925140523533294
point_108 5.000333588871847 0.0 0.0 1.445 1.879 4.963 2.8798308570080744
point_109 4.99991999935999 0.0 0.0 1.445 1.879 4.963 2.9671058285714587
point_110 5.000045699791153 0.0 0.0 1.445 1.879 4.963 3.0542825646404226
point_111 5.0 0.0 0.0 1.445 1.879 4.963 3.141592653589793
point_112 5.5 0.0 0.0 1.445 1.879 4.963 6.283185307179586
point_113 5.499898362697259 0.0 0.0 1.445 1.879 4.963 6.3703883042194525
point_114 5.499552800001106 0.0 0.0 1.445 1.879 4.963 6.457720573275276
point_115 5.500522247932462 0.0 0.0 1.445 1.879 4.963 6.545052468544485
point_116 5.499671353817425 0.0 0.0 1.445 1.879 4.963 6.63225147014099
point_117 5.500109180734506 0.0 0.0 1.445 1.879 4.963 6.719428033282949
point_118 5.4998789986689705 0.0 0.0 1.445 1.879 4.963 6.806796784949556
point_119 5.499913635685565 0.0 0.0 1.445 1.879 4.963 6.894134701966507
point_120 5.499599439959241 0.0 0.0 1.445 1.879 4.963 6.9812993533854035
point_121 5.499876544068965 0.0 0.0 1.445 1.879 4.963 7.0685834705770345
point_122 5.499599439959241 0.0 0.0 1.445 1.879 4.963 7.155867587768666
point_123 5.499913635685565 0.0 0.0 1.445 1.879 4.963 7.243032239187563
point_124 5.4998789986689705 0.0 0.0 1.445 1.879 4.963 7.330370156204514
point_125 5.500109180734506 0.0 0.0 1.445 1.879 4.963 7.4177389078711204
point_126 5.499671353817425 0.0 0.0 1.445 1.879 4.963 7.504915471013079
point_127 5.500522247932462 0.0 0.0 1.445 1.879 4.963 7.592114472609584
point_128 5.499552800001106 0.0 0.0 1.445 1.879 4.963 7.679446367878793
point_129 5.499898362697259 0.0 0.0 1.445 1.879 4.963 7.766778636934617
point_130 5.5 0.0 0.0 1.445 1.879 4.963 1.5707963267948966
point_131 5.499898362697259 0.0 0.0 1.445 1.879 4.963 1.6579993238347628
point_132 5.499552800001106 0.0 0.0 1.445 1.879 4.963 1.7453315928905861
point_133 5.500522247932462 0.0 0.0 1.445 1.879 4.963 1.832663488159795
point_134 5.499671353817425 0.0 0.0 1.445 1.879 4.963 1.9198624897563006
point_135 5.500109180734506 0.0 0.0 1.445 1.879 4.963 2.0070390528982593
point_136 5.4998789986689705 0.0 0.0 1.445 1.879 4.963 2.0944078045648657
point_137 5.499913635685565 0.0 0.0 1.445 1.879 4.963 2.181745721581817
point_138 5.499599439959241 0.0 0.0 1.445 1.879 4.963 2.2689103730007134
point_139 5.499876544068966 0.0 0.0 1.445 1.879 4.963 2.356194490192345
point_140 5.499599439959241 0.0 0.0 1.445 1.879 4.963 2.4434786073839763
point_141 5.499913635685564 0.0 0.0 1.445 1.879 4.963 2.5306432588028724
point_142 5.4998789986689705 0.0 0.0 1.445 1.879 4.963 2.6179811758198235
point_143 5.500109180734507 0.0 0.0 1.445 1.879 4.963 2.7053499274864303
point_144 5.499671353817426 0.0 0.0 1.445 1.879 4.963 2.792526490628389
point_145 5.500522247932463 0.0 0.0 1.445 1.879 4.963 2.8797254922248943
point_146 5.499552800001106 0.0 0.0 1.445 1.879 4.963 2.967057387494103
point_147 5.49989836269726 0.0 0.0 1.445 1.879 4.963 3.054389656549927
point_148 5.5 0.0 0.0 1.445 1.879 4.963 3.141592653589793
point_149 6.0 0.0 0.0 1.445 1.879 4.963 6.283185307179586
point_150 5.999838164484106 0.0 0.0 1.445 1.879 4.963 6.370465095588607
point_151 6.000170414246581 0.0 0.0 1.445 1.879 4.963 6.457731998122178
point_152 6.000452066303004 0.0 0.0 1.445 1.879 4.963 6.544979299187397
point_153 5.999812330398345 0.0 0.0 1.445 1.879 4.963 6.632241105561136
point_154 6.000261660961128 0.0 0.0 1.445 1.879 4.963 6.719550692165736
point_155 5.99986799854797 0.0 0.0 1.445 1.879 4.963 6.806796784949555
point_156 5.999808830287845 0.0 0.0 1.445 1.879 4.963 6.893979543070799
point_157 5.999972083268387 0.0 0.0 1.445 1.879 4.963 6.981380602105011
point_158 6.000508145149043 0.0 0.0 1.445 1.879 4.963 7.0685834705770345
point_159 5.999972083268387 0.0 0.0 1.445 1.879 4.963 7.155786339049058
point_160 5.999808830287845 0.0 0.0 1.445 1.879 4.963 7.24318739808327
point_161 5.99986799854797 0.0 0.0 1.445 1.879 4.963 7.330370156204514
point_162 6.000261660961128 0.0 0.0 1.445 1.879 4.963 7.417616248988333
point_163 5.999812330398345 0.0 0.0 1.445 1.879 4.963 7.504925835592934
point_164 6.000452066303004 0.0 0.0 1.445 1.879 4.963 7.592187641966672
point_165 6.000170414246581 0.0 0.0 1.445 1.879 4.963 7.679434943031891
point_166 5.999838164484106 0.0 0.0 1.445 1.879 4.963 7.766701845565462
point_167 6.0 0.0 0.0 1.445 1.879 4.963 1.5707963267948966
point_168 5.999838164484106 0.0 0.0 1.445 1.879 4.963 1.6580761152039165
point_169 6.000170414246581 0.0 0.0 1.445 1.879 4.963 1.7453430177374885
point_170 6.000452066303004 0.0 0.0 1.445 1.879 4.963 1.8325903188027075
point_171 5.999812330398345 0.0 0.0 1.445 1.879 4.963 1.9198521251764462
point_172 6.000261660961128 0.0 0.0 1.445 1.879 4.963 2.007161711781047
point_173 5.99986799854797 0.0 0.0 1.445 1.879 4.963 2.0944078045648657
point_174 5.9998088302878445 0.0 0.0 1.445 1.879 4.963 2.1815905626861087
point_175 5.999972083268388 0.0 0.0 1.445 1.879 4.963 2.2689916217203216
point_176 6.000508145149043 0.0 0.0 1.445 1.879 4.963 2.356194490192345
point_177 5.999972083268387 0.0 0.0 1.445 1.879 4.963 2.443397358664368
point_178 5.999808830287845 0.0 0.0 1.445 1.879 4.963 2.530798417698581
point_179 5.999867998547968 0.0 0.0 1.445 1.879 4.963 2.6179811758198235
point_180 6.000261660961128 0.0 0.0 1.445 1.879 4.963 2.7052272686036427
point_181 5.999812330398343 0.0 0.0 1.445 1.879 4.963 2.792536855208243
point_182 6.000452066303006 0.0 0.0 1.445 1.879 4.963 2.879798661581982
point_183 6.000170414246582 0.0 0.0 1.445 1.879 4.963 2.967045962647201
point_184 5.999838164484106 0.0 0.0 1.445 1.879 4.963 3.0543128651807727
point_185 6.0 0.0 0.0 1.445 1.879 4.963 3.141592653589793
point_186 6.5 0.0 0.0 1.445 1.879 4.963 6.283185307179586
point_187 6.499777996208795 0.0 0.0 1.445 1.879 4.963 6.3705300739194985
point_188 6.499803227790823 0.0 0.0 1.445 1.879 4.963 6.457768382805652
point_189 6.500381911857179 0.0 0.0 1.445 1.879 4.963 6.544917384413483
point_190 6.499953307524602 0.0 0.0 1.445 1.879 4.963 6.632232335993076
point_191 6.49999153845603 0.0 0.0 1.445 1.879 4.963 6.719515052647937
point_192 6.499856998426967 0.0 0.0 1.445 1.879 4.963 6.806796784949555
point_193 6.499458438977821 0.0 0.0 1.445 1.879 4.963 6.894062526987627
point_194 6.499701916242006 0.0 0.0 1.445 1.879 4.963 6.9813314970605145
point_195 6.499725532666745 0.0 0.0 1.445 1.879 4.963 7.0685834705770345
point_196 6.499701916242006 0.0 0.0 1.445 1.879 4.963 7.1558354440935545
point_197 6.499458438977821 0.0 0.0 1.445 1.879 4.963 7.243104414166442
point_198 6.499856998426967 0.0 0.0 1.445 1.879 4.963 7.330370156204514
point_199 6.49999153845603 0.0 0.0 1.445 1.879 4.963 7.417651888506132
point_200 6.499953307524602 0.0 0.0 1.445 1.879 4.963 7.504934605160993
point_201 6.500381911857179 0.0 0.0 1.445 1.879 4.963 7.592249556740586
point_202 6.499803227790823 0.0 0.0 1.445 1.879 4.963 7.679398558348418
point_203 6.499777996208795 0.0 0.0 1.445 1.879 4.963 7.766636867234571
point_204 6.5 0.0 0.0 1.445 1.879 4.963 1.5707963267948966
point_205 6.499777996208795 0.0 0.0 1.445 1.879 4.963 1.658141093534808
point_206 6.499803227790823 0.0 0.0 1.445 1.879 4.963 1.7453794024209612
point_207 6.500381911857179 0.0 0.0 1.445 1.879 4.963 1.8325284040287935
point_208 6.499953307524602 0.0 0.0 1.445 1.879 4.963 1.9198433556083865
point_209 6.49999153845603 0.0 0.0 1.445 1.879 4.963 2.007126072263247
point_210 6.499856998426967 0.0 0.0 1.445 1.879 4.963 2.0944078045648657
point_211 6.499458438977821 0.0 0.0 1.445 1.879 4.963 2.181673546602937
point_212 6.499701916242005 0.0 0.0 1.445 1.879 4.963 2.2689425166758244
point_213 6.499725532666745 0.0 0.0 1.445 1.879 4.963 2.356194490192345
point_214 6.499701916242006 0.0 0.0 1.445 1.879 4.963 2.443446463708865
point_215 6.49945843897782 0.0 0.0 1.445 1.879 4.963 2.530715433781752
point_216 6.4998569984269645 0.0 0.0 1.445 1.879 4.963 2.6179811758198235
point_217 6.499991538456031 0.0 0.0 1.445 1.879 4.963 2.7052629081214428
point_218 6.499953307524601 0.0 0.0 1.445 1.879 4.963 2.792545624776303
point_219 6.500381911857179 0.0 0.0 1.445 1.879 4.963 2.879860576355896
point_220 6.499803227790823 0.0 0.0 1.445 1.879 4.963 2.967009577963728
point_221 6.499777996208794 0.0 0.0 1.445 1.879 4.963 3.0542478868498812
point_222 6.5 0.0 0.0 1.445 1.879 4.963 3.141592653589793
